500 3723
0 0
1 1
2 0
3 0
4 1
5 0
6 0
7 1
8 0
9 0
10 1
11 0
12 0
13 0
14 0
15 1
16 0
17 0
18 1
19 0
20 0
21 0
22 0
23 0
24 0
25 0
26 1
27 0
28 0
29 0
30 1
31 1
32 0
33 0
34 0
35 0
36 1
37 0
38 0
39 1
40 0
41 1
42 0
43 0
44 0
45 1
46 1
47 0
48 1
49 0
50 0
51 0
52 0
53 1
54 0
55 0
56 0
57 0
58 0
59 0
60 1
61 0
62 0
63 0
64 0
65 0
66 0
67 1
68 0
69 0
70 1
71 0
72 0
73 0
74 0
75 1
76 1
77 0
78 1
79 1
80 0
81 0
82 0
83 0
84 1
85 0
86 0
87 0
88 0
89 1
90 0
91 0
92 0
93 1
94 0
95 1
96 0
97 0
98 0
99 0
100 0
101 1
102 1
103 0
104 0
105 0
106 0
107 1
108 0
109 0
110 1
111 1
112 0
113 1
114 1
115 0
116 1
117 1
118 0
119 0
120 0
121 0
122 0
123 1
124 0
125 0
126 0
127 0
128 0
129 0
130 0
131 0
132 1
133 1
134 0
135 0
136 1
137 0
138 0
139 1
140 0
141 0
142 1
143 1
144 0
145 0
146 0
147 0
148 0
149 0
150 0
151 1
152 1
153 0
154 0
155 0
156 1
157 0
158 0
159 0
160 0
161 0
162 0
163 0
164 0
165 0
166 0
167 0
168 0
169 0
170 1
171 0
172 0
173 0
174 0
175 0
176 0
177 1
178 0
179 0
180 0
181 0
182 1
183 1
184 1
185 0
186 1
187 1
188 1
189 0
190 1
191 0
192 1
193 1
194 1
195 0
196 0
197 1
198 0
199 0
200 1
201 0
202 0
203 1
204 0
205 1
206 0
207 0
208 0
209 0
210 1
211 1
212 0
213 0
214 0
215 0
216 0
217 1
218 0
219 0
220 1
221 0
222 0
223 0
224 0
225 0
226 0
227 1
228 1
229 0
230 0
231 0
232 0
233 1
234 0
235 1
236 0
237 0
238 0
239 1
240 0
241 1
242 0
243 1
244 0
245 0
246 0
247 0
248 1
249 0
250 1
251 1
252 0
253 0
254 0
255 1
256 0
257 1
258 0
259 0
260 1
261 0
262 0
263 0
264 0
265 1
266 0
267 0
268 1
269 0
270 0
271 1
272 0
273 0
274 0
275 1
276 0
277 0
278 0
279 1
280 0
281 0
282 0
283 0
284 1
285 0
286 1
287 0
288 0
289 0
290 1
291 1
292 1
293 0
294 0
295 0
296 1
297 0
298 1
299 0
300 0
301 0
302 0
303 1
304 0
305 1
306 1
307 1
308 0
309 0
310 0
311 0
312 0
313 1
314 0
315 1
316 0
317 0
318 0
319 0
320 0
321 0
322 0
323 0
324 0
325 0
326 1
327 0
328 0
329 0
330 0
331 0
332 0
333 0
334 0
335 0
336 0
337 0
338 0
339 1
340 0
341 0
342 1
343 0
344 1
345 0
346 1
347 0
348 0
349 1
350 1
351 1
352 1
353 0
354 0
355 0
356 0
357 0
358 0
359 0
360 0
361 1
362 0
363 0
364 1
365 0
366 1
367 0
368 0
369 0
370 0
371 0
372 0
373 1
374 1
375 0
376 1
377 0
378 0
379 1
380 1
381 0
382 0
383 0
384 0
385 1
386 0
387 0
388 0
389 1
390 1
391 0
392 0
393 0
394 1
395 1
396 1
397 0
398 0
399 1
400 0
401 0
402 0
403 0
404 0
405 0
406 0
407 0
408 0
409 0
410 0
411 0
412 0
413 0
414 0
415 0
416 1
417 1
418 0
419 0
420 1
421 1
422 0
423 0
424 0
425 0
426 1
427 1
428 1
429 1
430 0
431 0
432 0
433 1
434 1
435 0
436 0
437 0
438 1
439 0
440 0
441 0
442 0
443 0
444 1
445 0
446 1
447 0
448 0
449 0
450 0
451 0
452 0
453 0
454 0
455 1
456 0
457 0
458 0
459 0
460 1
461 1
462 0
463 0
464 0
465 0
466 0
467 0
468 1
469 1
470 0
471 0
472 1
473 1
474 1
475 0
476 1
477 0
478 0
479 0
480 0
481 0
482 1
483 0
484 0
485 1
486 0
487 0
488 1
489 0
490 1
491 0
492 0
493 0
494 1
495 0
496 0
497 0
498 1
499 1
0 86 0.05
0 144 0.05
0 149 0.05
0 150 0.05
0 172 0.05
0 180 0.05
0 199 0.05
0 318 0.05
0 424 0.05
0 448 0.05
0 453 0.05
0 87 0.05
0 137 0.05
0 165 0.05
0 384 0.05
0 405 0.05
1 107 0.05
1 170 0.05
1 364 0.05
1 473 0.05
1 482 0.05
1 110 0.05
1 139 0.05
1 151 0.05
1 220 0.05
1 254 0.05
1 474 0.05
1 476 0.05
2 52 0.05
2 115 0.05
2 273 0.05
2 333 0.05
2 90 0.05
2 150 0.05
2 189 0.05
2 281 0.05
2 283 0.05
2 297 0.05
2 332 0.05
2 375 0.05
2 411 0.05
2 458 0.05
3 103 0.05
3 162 0.05
3 219 0.05
3 266 0.05
3 74 0.05
3 80 0.05
3 178 0.05
3 215 0.05
3 365 0.05
3 369 0.05
3 439 0.05
3 447 0.05
3 451 0.05
3 467 0.05
3 494 0.05
4 10 0.05
4 111 0.05
4 268 0.05
4 271 0.05
4 499 0.05
4 136 0.05
5 108 0.05
5 128 0.05
5 288 0.05
5 337 0.05
5 388 0.05
5 465 0.05
5 43 0.05
5 56 0.05
5 74 0.05
5 129 0.05
5 169 0.05
5 242 0.05
5 278 0.05
5 318 0.05
5 321 0.05
5 411 0.05
5 474 0.05
6 103 0.05
6 115 0.05
6 158 0.05
6 223 0.05
6 289 0.05
6 357 0.05
6 377 0.05
6 381 0.05
6 405 0.05
6 413 0.05
6 451 0.05
6 62 0.05
6 128 0.05
6 141 0.05
6 224 0.05
6 256 0.05
6 322 0.05
6 336 0.05
6 363 0.05
6 387 0.05
6 422 0.05
6 439 0.05
6 441 0.05
6 483 0.05
7 10 0.05
7 139 0.05
7 220 0.05
7 380 0.05
7 396 0.05
7 410 0.05
7 18 0.05
7 75 0.05
8 21 0.05
8 96 0.05
8 168 0.05
8 189 0.05
8 301 0.05
8 323 0.05
8 335 0.05
8 391 0.05
8 393 0.05
8 436 0.05
8 462 0.05
8 16 0.05
8 64 0.05
8 65 0.05
8 77 0.05
8 163 0.05
8 269 0.05
8 287 0.05
8 447 0.05
8 453 0.05
8 475 0.05
9 68 0.05
9 175 0.05
9 226 0.05
9 231 0.05
9 354 0.05
9 412 0.05
9 435 0.05
9 449 0.05
9 475 0.05
9 478 0.05
9 479 0.05
9 56 0.05
9 343 0.05
9 410 0.05
9 411 0.05
9 446 0.05
9 458 0.05
10 265 0.05
10 434 0.05
10 461 0.05
10 482 0.05
10 182 0.05
10 313 0.05
10 428 0.05
11 236 0.05
11 242 0.05
11 272 0.05
11 281 0.05
11 304 0.05
11 336 0.05
11 353 0.05
11 409 0.05
11 413 0.05
11 425 0.05
11 146 0.05
11 297 0.05
11 343 0.05
11 382 0.05
11 430 0.05
11 442 0.05
12 85 0.05
12 102 0.05
12 119 0.05
12 277 0.05
12 281 0.05
12 480 0.05
12 489 0.05
12 492 0.05
12 66 0.05
12 108 0.05
12 145 0.05
12 165 0.05
12 234 0.05
12 240 0.05
12 244 0.05
12 247 0.05
12 287 0.05
12 302 0.05
12 347 0.05
12 406 0.05
12 454 0.05
12 491 0.05
13 24 0.05
13 86 0.05
13 147 0.05
13 209 0.05
13 282 0.05
13 293 0.05
13 319 0.05
13 358 0.05
13 402 0.05
13 92 0.05
13 141 0.05
13 148 0.05
13 212 0.05
13 383 0.05
13 388 0.05
13 412 0.05
14 33 0.05
14 105 0.05
14 118 0.05
14 178 0.05
14 189 0.05
14 207 0.05
14 238 0.05
14 401 0.05
14 25 0.05
14 131 0.05
14 135 0.05
14 153 0.05
14 368 0.05
14 377 0.05
14 402 0.05
14 409 0.05
14 442 0.05
14 467 0.05
15 36 0.05
15 227 0.05
15 271 0.05
15 306 0.05
15 344 0.05
15 353 0.05
15 472 0.05
15 474 0.05
15 490 0.05
15 498 0.05
16 73 0.05
16 115 0.05
16 282 0.05
16 319 0.05
16 337 0.05
16 448 0.05
16 477 0.05
16 59 0.05
16 134 0.05
16 382 0.05
16 414 0.05
17 20 0.05
17 28 0.05
17 338 0.05
17 386 0.05
17 491 0.05
17 80 0.05
17 103 0.05
17 135 0.05
17 261 0.05
17 289 0.05
17 368 0.05
17 384 0.05
17 423 0.05
17 447 0.05
18 444 0.05
18 499 0.05
18 31 0.05
18 62 0.05
18 472 0.05
19 37 0.05
19 181 0.05
19 213 0.05
19 234 0.05
19 295 0.05
19 301 0.05
19 329 0.05
19 338 0.05
19 372 0.05
19 408 0.05
19 424 0.05
19 425 0.05
19 59 0.05
19 479 0.05
20 80 0.05
20 103 0.05
20 112 0.05
20 159 0.05
20 161 0.05
20 242 0.05
20 321 0.05
20 328 0.05
20 367 0.05
20 436 0.05
20 437 0.05
20 439 0.05
20 453 0.05
20 487 0.05
20 54 0.05
20 96 0.05
20 221 0.05
20 225 0.05
20 304 0.05
21 68 0.05
21 124 0.05
21 230 0.05
21 231 0.05
21 347 0.05
21 386 0.05
21 439 0.05
21 440 0.05
21 484 0.05
21 118 0.05
21 131 0.05
21 146 0.05
21 242 0.05
21 392 0.05
22 98 0.05
22 166 0.05
22 173 0.05
22 245 0.05
22 246 0.05
22 273 0.05
22 412 0.05
22 479 0.05
22 164 0.05
22 215 0.05
22 477 0.05
23 81 0.05
23 278 0.05
23 302 0.05
23 316 0.05
23 317 0.05
23 345 0.05
23 362 0.05
23 368 0.05
23 370 0.05
23 481 0.05
23 63 0.05
23 69 0.05
23 119 0.05
23 229 0.05
23 259 0.05
23 318 0.05
23 356 0.05
23 359 0.05
23 360 0.05
23 387 0.05
23 495 0.05
23 496 0.05
24 147 0.05
24 173 0.05
24 246 0.05
24 363 0.05
24 72 0.05
24 150 0.05
24 206 0.05
24 208 0.05
24 256 0.05
24 381 0.05
24 398 0.05
24 404 0.05
24 445 0.05
25 141 0.05
25 269 0.05
25 310 0.05
25 369 0.05
25 412 0.05
25 430 0.05
25 478 0.05
25 27 0.05
25 28 0.05
25 55 0.05
25 63 0.05
25 125 0.05
25 157 0.05
25 174 0.05
25 272 0.05
25 293 0.05
25 323 0.05
25 475 0.05
26 35 0.05
26 119 0.05
26 136 0.05
26 142 0.05
26 460 0.05
26 39 0.05
26 60 0.05
26 79 0.05
26 184 0.05
26 364 0.05
26 374 0.05
26 455 0.05
27 58 0.05
27 125 0.05
27 127 0.05
27 168 0.05
27 209 0.05
27 331 0.05
27 391 0.05
27 413 0.05
27 443 0.05
27 485 0.05
27 112 0.05
27 264 0.05
27 335 0.05
27 338 0.05
27 341 0.05
27 369 0.05
27 424 0.05
27 442 0.05
28 100 0.05
28 254 0.05
28 280 0.05
28 301 0.05
28 304 0.05
28 431 0.05
28 465 0.05
28 471 0.05
28 54 0.05
28 72 0.05
28 134 0.05
28 150 0.05
28 174 0.05
28 202 0.05
28 206 0.05
29 54 0.05
29 112 0.05
29 125 0.05
29 242 0.05
29 253 0.05
29 335 0.05
29 401 0.05
29 409 0.05
29 456 0.05
29 496 0.05
29 34 0.05
29 52 0.05
29 61 0.05
29 144 0.05
29 491 0.05
30 31 0.05
30 101 0.05
30 210 0.05
30 303 0.05
30 306 0.05
30 45 0.05
30 250 0.05
30 349 0.05
30 426 0.05
30 434 0.05
31 433 0.05
31 84 0.05
31 460 0.05
32 59 0.05
32 64 0.05
32 157 0.05
32 226 0.05
32 261 0.05
32 277 0.05
32 481 0.05
32 43 0.05
32 202 0.05
32 247 0.05
32 285 0.05
32 401 0.05
32 418 0.05
32 462 0.05
32 479 0.05
33 85 0.05
33 140 0.05
33 150 0.05
33 157 0.05
33 238 0.05
33 272 0.05
33 368 0.05
33 392 0.05
33 443 0.05
33 66 0.05
33 76 0.05
33 82 0.05
33 128 0.05
33 232 0.05
33 321 0.05
33 377 0.05
33 398 0.05
33 404 0.05
33 442 0.05
33 486 0.05
33 493 0.05
34 254 0.05
34 293 0.05
34 300 0.05
34 320 0.05
34 352 0.05
34 353 0.05
34 393 0.05
34 425 0.05
34 471 0.05
34 489 0.05
34 153 0.05
34 191 0.05
34 329 0.05
34 370 0.05
35 52 0.05
35 104 0.05
35 162 0.05
35 174 0.05
35 247 0.05
35 252 0.05
35 412 0.05
35 443 0.05
35 470 0.05
35 491 0.05
35 125 0.05
35 126 0.05
35 222 0.05
35 266 0.05
35 272 0.05
35 277 0.05
35 383 0.05
35 419 0.05
36 76 0.05
36 191 0.05
36 385 0.05
36 490 0.05
36 114 0.05
36 117 0.05
36 159 0.05
36 395 0.05
37 56 0.05
37 131 0.05
37 145 0.05
37 160 0.05
37 202 0.05
37 249 0.05
37 263 0.05
37 479 0.05
37 71 0.05
37 317 0.05
37 341 0.05
38 64 0.05
38 302 0.05
38 401 0.05
38 451 0.05
38 55 0.05
38 164 0.05
38 179 0.05
38 212 0.05
38 295 0.05
38 309 0.05
38 336 0.05
38 356 0.05
38 423 0.05
39 45 0.05
39 113 0.05
39 190 0.05
39 200 0.05
40 128 0.05
40 179 0.05
40 189 0.05
40 217 0.05
40 402 0.05
40 404 0.05
40 422 0.05
40 435 0.05
40 439 0.05
40 44 0.05
40 94 0.05
40 103 0.05
40 141 0.05
40 201 0.05
40 253 0.05
40 319 0.05
40 347 0.05
40 436 0.05
40 458 0.05
40 479 0.05
40 496 0.05
41 186 0.05
41 197 0.05
41 305 0.05
41 395 0.05
41 63 0.05
41 93 0.05
41 110 0.05
41 139 0.05
41 257 0.05
41 284 0.05
42 95 0.05
42 158 0.05
42 161 0.05
42 170 0.05
42 207 0.05
42 302 0.05
42 327 0.05
42 375 0.05
42 497 0.05
42 68 0.05
42 100 0.05
42 145 0.05
42 270 0.05
42 378 0.05
43 130 0.05
43 149 0.05
43 163 0.05
43 221 0.05
43 293 0.05
43 333 0.05
43 408 0.05
43 438 0.05
43 167 0.05
43 222 0.05
43 301 0.05
43 311 0.05
43 348 0.05
43 358 0.05
43 372 0.05
43 422 0.05
43 423 0.05
43 453 0.05
43 466 0.05
44 62 0.05
44 71 0.05
44 112 0.05
44 119 0.05
44 242 0.05
44 282 0.05
44 285 0.05
44 338 0.05
44 428 0.05
44 98 0.05
44 157 0.05
44 160 0.05
44 258 0.05
44 340 0.05
44 467 0.05
44 480 0.05
45 76 0.05
45 187 0.05
45 351 0.05
45 428 0.05
45 474 0.05
45 115 0.05
45 132 0.05
45 235 0.05
46 67 0.05
46 241 0.05
46 124 0.05
46 284 0.05
46 460 0.05
47 131 0.05
47 167 0.05
47 244 0.05
47 280 0.05
47 302 0.05
47 419 0.05
47 425 0.05
47 459 0.05
47 483 0.05
47 137 0.05
47 146 0.05
47 191 0.05
47 328 0.05
47 335 0.05
47 445 0.05
48 290 0.05
48 70 0.05
48 94 0.05
48 102 0.05
48 307 0.05
49 68 0.05
49 83 0.05
49 103 0.05
49 110 0.05
49 180 0.05
49 223 0.05
49 269 0.05
49 316 0.05
49 415 0.05
49 88 0.05
49 128 0.05
49 199 0.05
49 244 0.05
49 295 0.05
49 312 0.05
49 448 0.05
50 56 0.05
50 180 0.05
50 219 0.05
50 297 0.05
50 316 0.05
50 378 0.05
50 400 0.05
50 466 0.05
50 479 0.05
50 129 0.05
50 179 0.05
50 196 0.05
50 224 0.05
50 247 0.05
50 358 0.05
50 368 0.05
51 175 0.05
51 204 0.05
51 261 0.05
51 287 0.05
51 401 0.05
51 403 0.05
51 64 0.05
51 214 0.05
51 224 0.05
51 255 0.05
51 283 0.05
51 295 0.05
51 309 0.05
51 372 0.05
51 388 0.05
51 435 0.05
52 225 0.05
52 234 0.05
52 256 0.05
52 297 0.05
52 300 0.05
52 314 0.05
52 332 0.05
52 345 0.05
52 418 0.05
52 440 0.05
52 63 0.05
52 96 0.05
52 198 0.05
52 218 0.05
52 254 0.05
53 211 0.05
53 217 0.05
53 499 0.05
53 192 0.05
53 251 0.05
53 279 0.05
53 421 0.05
54 115 0.05
54 206 0.05
54 216 0.05
54 321 0.05
54 324 0.05
54 362 0.05
54 391 0.05
54 106 0.05
54 157 0.05
54 202 0.05
54 232 0.05
54 272 0.05
54 330 0.05
54 369 0.05
54 483 0.05
55 81 0.05
55 150 0.05
55 238 0.05
55 256 0.05
55 285 0.05
55 317 0.05
55 371 0.05
55 372 0.05
55 80 0.05
55 90 0.05
55 94 0.05
55 168 0.05
55 181 0.05
55 289 0.05
55 320 0.05
55 373 0.05
55 481 0.05
56 91 0.05
56 181 0.05
56 242 0.05
56 278 0.05
56 289 0.05
56 338 0.05
56 401 0.05
56 436 0.05
56 481 0.05
56 486 0.05
56 496 0.05
56 161 0.05
56 238 0.05
56 311 0.05
56 324 0.05
56 412 0.05
56 418 0.05
56 464 0.05
57 216 0.05
57 225 0.05
57 259 0.05
57 263 0.05
57 329 0.05
57 354 0.05
57 475 0.05
57 130 0.05
57 236 0.05
57 273 0.05
57 452 0.05
58 82 0.05
58 108 0.05
58 117 0.05
58 181 0.05
58 226 0.05
58 258 0.05
58 320 0.05
58 347 0.05
58 353 0.05
58 392 0.05
58 414 0.05
58 480 0.05
58 489 0.05
58 87 0.05
58 99 0.05
58 121 0.05
58 130 0.05
58 161 0.05
58 166 0.05
58 236 0.05
58 254 0.05
58 289 0.05
59 100 0.05
59 104 0.05
59 119 0.05
59 157 0.05
59 166 0.05
59 212 0.05
59 405 0.05
59 437 0.05
59 449 0.05
59 462 0.05
59 62 0.05
59 131 0.05
59 338 0.05
59 359 0.05
59 403 0.05
59 409 0.05
59 442 0.05
59 493 0.05
60 152 0.05
60 205 0.05
60 354 0.05
60 373 0.05
60 390 0.05
60 177 0.05
60 346 0.05
60 440 0.05
61 121 0.05
61 140 0.05
61 162 0.05
61 273 0.05
61 280 0.05
61 331 0.05
61 386 0.05
61 391 0.05
61 430 0.05
61 431 0.05
61 450 0.05
61 465 0.05
61 493 0.05
61 175 0.05
61 202 0.05
61 254 0.05
61 263 0.05
61 304 0.05
61 332 0.05
61 369 0.05
61 378 0.05
61 443 0.05
62 162 0.05
62 212 0.05
62 249 0.05
62 288 0.05
62 323 0.05
62 377 0.05
62 418 0.05
62 68 0.05
62 106 0.05
62 131 0.05
62 209 0.05
62 278 0.05
62 287 0.05
62 367 0.05
62 436 0.05
62 457 0.05
62 470 0.05
63 69 0.05
63 202 0.05
63 113 0.05
63 289 0.05
64 180 0.05
64 189 0.05
64 207 0.05
64 264 0.05
64 354 0.05
64 83 0.05
64 134 0.05
64 137 0.05
64 238 0.05
64 268 0.05
64 294 0.05
64 319 0.05
64 323 0.05
64 410 0.05
65 158 0.05
65 207 0.05
65 226 0.05
65 272 0.05
65 308 0.05
65 363 0.05
65 414 0.05
65 470 0.05
65 105 0.05
65 171 0.05
65 218 0.05
65 270 0.05
65 331 0.05
65 350 0.05
65 418 0.05
65 442 0.05
65 457 0.05
65 458 0.05
65 466 0.05
66 81 0.05
66 169 0.05
66 173 0.05
66 266 0.05
66 295 0.05
66 369 0.05
66 419 0.05
66 422 0.05
66 166 0.05
66 178 0.05
66 229 0.05
66 240 0.05
66 318 0.05
66 323 0.05
66 327 0.05
66 328 0.05
66 338 0.05
66 404 0.05
66 465 0.05
67 70 0.05
67 193 0.05
67 142 0.05
67 151 0.05
67 364 0.05
67 428 0.05
68 281 0.05
68 287 0.05
68 341 0.05
68 401 0.05
68 419 0.05
68 463 0.05
68 77 0.05
68 181 0.05
68 223 0.05
68 276 0.05
68 316 0.05
68 340 0.05
68 387 0.05
68 450 0.05
68 480 0.05
69 92 0.05
69 122 0.05
69 126 0.05
69 137 0.05
69 159 0.05
69 162 0.05
69 256 0.05
69 280 0.05
69 301 0.05
69 327 0.05
69 362 0.05
69 410 0.05
69 452 0.05
69 478 0.05
69 104 0.05
69 125 0.05
69 229 0.05
69 259 0.05
69 355 0.05
69 370 0.05
69 458 0.05
70 114 0.05
70 313 0.05
70 101 0.05
70 351 0.05
70 446 0.05
70 469 0.05
71 92 0.05
71 105 0.05
71 124 0.05
71 174 0.05
71 195 0.05
71 259 0.05
71 269 0.05
71 314 0.05
71 324 0.05
71 347 0.05
71 388 0.05
71 146 0.05
71 212 0.05
71 215 0.05
71 234 0.05
71 334 0.05
71 442 0.05
71 450 0.05
72 214 0.05
72 234 0.05
72 403 0.05
72 435 0.05
72 475 0.05
72 160 0.05
72 204 0.05
72 294 0.05
72 414 0.05
72 450 0.05
72 492 0.05
73 77 0.05
73 195 0.05
73 230 0.05
73 242 0.05
73 244 0.05
73 294 0.05
73 328 0.05
73 461 0.05
73 238 0.05
73 288 0.05
73 308 0.05
73 360 0.05
73 462 0.05
73 492 0.05
74 126 0.05
74 408 0.05
74 492 0.05
74 144 0.05
74 179 0.05
74 181 0.05
74 199 0.05
74 225 0.05
74 256 0.05
74 297 0.05
74 347 0.05
74 377 0.05
74 493 0.05
75 108 0.05
75 217 0.05
75 342 0.05
75 355 0.05
75 459 0.05
75 170 0.05
75 177 0.05
75 212 0.05
75 239 0.05
75 395 0.05
76 173 0.05
76 239 0.05
76 313 0.05
76 482 0.05
76 257 0.05
76 438 0.05
77 96 0.05
77 125 0.05
77 173 0.05
77 226 0.05
77 304 0.05
77 340 0.05
77 392 0.05
77 402 0.05
77 440 0.05
77 483 0.05
77 122 0.05
77 160 0.05
77 208 0.05
77 209 0.05
77 263 0.05
77 281 0.05
77 348 0.05
77 367 0.05
78 102 0.05
78 114 0.05
78 184 0.05
78 284 0.05
78 306 0.05
78 349 0.05
78 395 0.05
78 454 0.05
78 210 0.05
78 286 0.05
79 139 0.05
79 394 0.05
79 473 0.05
80 90 0.05
80 146 0.05
80 163 0.05
80 167 0.05
80 205 0.05
80 289 0.05
80 320 0.05
80 408 0.05
80 96 0.05
80 126 0.05
80 245 0.05
80 264 0.05
80 450 0.05
80 466 0.05
80 471 0.05
81 86 0.05
81 150 0.05
81 179 0.05
81 218 0.05
81 272 0.05
81 281 0.05
81 295 0.05
81 358 0.05
81 368 0.05
81 406 0.05
81 440 0.05
81 493 0.05
81 169 0.05
81 174 0.05
81 266 0.05
81 285 0.05
81 312 0.05
81 337 0.05
81 345 0.05
81 354 0.05
81 398 0.05
81 435 0.05
81 478 0.05
82 91 0.05
82 127 0.05
82 221 0.05
82 299 0.05
82 338 0.05
82 487 0.05
82 355 0.05
82 360 0.05
82 372 0.05
82 391 0.05
82 401 0.05
82 437 0.05
83 140 0.05
83 185 0.05
83 304 0.05
83 325 0.05
83 353 0.05
83 356 0.05
83 381 0.05
83 437 0.05
83 130 0.05
83 324 0.05
83 328 0.05
83 369 0.05
83 382 0.05
83 447 0.05
83 480 0.05
84 132 0.05
84 186 0.05
84 248 0.05
84 389 0.05
85 120 0.05
85 108 0.05
85 160 0.05
85 195 0.05
85 234 0.05
85 244 0.05
85 320 0.05
85 332 0.05
85 486 0.05
86 126 0.05
86 162 0.05
86 263 0.05
86 345 0.05
86 355 0.05
86 483 0.05
86 122 0.05
86 138 0.05
86 146 0.05
86 253 0.05
86 302 0.05
86 317 0.05
86 439 0.05
86 449 0.05
86 454 0.05
86 492 0.05
87 115 0.05
87 121 0.05
87 124 0.05
87 125 0.05
87 252 0.05
87 253 0.05
87 348 0.05
87 398 0.05
87 150 0.05
87 176 0.05
87 375 0.05
87 418 0.05
88 92 0.05
88 103 0.05
88 140 0.05
88 207 0.05
88 246 0.05
88 387 0.05
88 391 0.05
88 425 0.05
88 432 0.05
88 127 0.05
88 175 0.05
88 178 0.05
88 237 0.05
88 254 0.05
88 270 0.05
88 480 0.05
89 346 0.05
89 389 0.05
89 428 0.05
89 113 0.05
89 207 0.05
90 129 0.05
90 195 0.05
90 219 0.05
90 358 0.05
90 398 0.05
90 448 0.05
90 483 0.05
90 196 0.05
90 258 0.05
90 341 0.05
90 411 0.05
90 430 0.05
90 458 0.05
90 478 0.05
90 481 0.05
91 314 0.05
91 332 0.05
91 381 0.05
91 397 0.05
91 404 0.05
91 409 0.05
91 440 0.05
91 442 0.05
91 449 0.05
91 169 0.05
91 222 0.05
91 294 0.05
91 323 0.05
91 354 0.05
92 122 0.05
92 230 0.05
92 330 0.05
92 448 0.05
92 463 0.05
92 487 0.05
92 131 0.05
92 236 0.05
92 267 0.05
92 318 0.05
92 479 0.05
93 255 0.05
93 307 0.05
93 399 0.05
93 468 0.05
93 151 0.05
93 192 0.05
93 241 0.05
93 380 0.05
93 438 0.05
94 103 0.05
94 148 0.05
94 195 0.05
94 261 0.05
94 309 0.05
94 335 0.05
94 398 0.05
94 406 0.05
94 435 0.05
94 126 0.05
94 142 0.05
94 202 0.05
94 225 0.05
94 257 0.05
94 289 0.05
94 371 0.05
95 129 0.05
95 265 0.05
95 416 0.05
95 271 0.05
95 351 0.05
95 380 0.05
95 428 0.05
95 461 0.05
95 476 0.05
96 115 0.05
96 118 0.05
96 140 0.05
96 141 0.05
96 146 0.05
96 185 0.05
96 270 0.05
96 302 0.05
96 355 0.05
96 410 0.05
96 492 0.05
96 97 0.05
96 147 0.05
96 165 0.05
96 272 0.05
96 283 0.05
96 333 0.05
96 367 0.05
96 372 0.05
96 452 0.05
96 483 0.05
97 148 0.05
97 245 0.05
97 256 0.05
97 319 0.05
97 437 0.05
97 448 0.05
97 293 0.05
97 383 0.05
97 471 0.05
98 157 0.05
98 167 0.05
98 216 0.05
98 246 0.05
98 347 0.05
98 362 0.05
98 100 0.05
98 252 0.05
98 316 0.05
98 348 0.05
98 407 0.05
98 411 0.05
98 424 0.05
98 449 0.05
98 458 0.05
99 171 0.05
99 213 0.05
99 226 0.05
99 240 0.05
99 252 0.05
99 343 0.05
99 401 0.05
99 131 0.05
99 186 0.05
99 234 0.05
99 272 0.05
99 281 0.05
99 295 0.05
99 447 0.05
99 483 0.05
99 499 0.05
100 141 0.05
100 216 0.05
100 237 0.05
100 283 0.05
100 319 0.05
100 333 0.05
100 382 0.05
100 463 0.05
100 246 0.05
100 318 0.05
100 370 0.05
100 402 0.05
100 439 0.05
101 235 0.05
101 107 0.05
101 298 0.05
101 315 0.05
101 438 0.05
101 468 0.05
101 482 0.05
102 197 0.05
102 349 0.05
102 351 0.05
102 399 0.05
102 183 0.05
102 193 0.05
103 109 0.05
103 134 0.05
103 145 0.05
103 208 0.05
103 222 0.05
103 267 0.05
103 295 0.05
103 318 0.05
103 337 0.05
103 397 0.05
103 414 0.05
103 463 0.05
103 486 0.05
103 169 0.05
103 216 0.05
103 240 0.05
103 272 0.05
103 315 0.05
103 462 0.05
103 495 0.05
104 171 0.05
104 185 0.05
104 199 0.05
104 282 0.05
104 295 0.05
104 312 0.05
104 397 0.05
104 425 0.05
104 116 0.05
104 242 0.05
104 319 0.05
104 320 0.05
104 337 0.05
104 365 0.05
104 444 0.05
105 129 0.05
105 147 0.05
105 189 0.05
105 249 0.05
105 256 0.05
105 323 0.05
105 330 0.05
105 367 0.05
105 371 0.05
105 466 0.05
105 480 0.05
105 497 0.05
105 340 0.05
105 365 0.05
105 401 0.05
105 441 0.05
105 451 0.05
106 138 0.05
106 244 0.05
106 264 0.05
106 340 0.05
106 422 0.05
106 137 0.05
106 231 0.05
106 234 0.05
106 258 0.05
106 273 0.05
106 300 0.05
106 386 0.05
107 143 0.05
107 188 0.05
107 380 0.05
107 415 0.05
107 427 0.05
107 488 0.05
107 133 0.05
107 296 0.05
107 390 0.05
107 446 0.05
108 166 0.05
108 327 0.05
108 382 0.05
108 121 0.05
108 160 0.05
108 201 0.05
108 231 0.05
108 289 0.05
108 322 0.05
108 451 0.05
108 478 0.05
108 497 0.05
109 229 0.05
109 316 0.05
109 351 0.05
109 368 0.05
109 483 0.05
109 196 0.05
109 223 0.05
109 317 0.05
109 341 0.05
109 419 0.05
109 445 0.05
109 466 0.05
110 117 0.05
110 228 0.05
110 142 0.05
110 194 0.05
110 303 0.05
110 315 0.05
111 205 0.05
111 216 0.05
111 227 0.05
111 241 0.05
111 257 0.05
112 140 0.05
112 288 0.05
112 321 0.05
112 138 0.05
112 169 0.05
112 216 0.05
112 221 0.05
112 266 0.05
112 372 0.05
112 392 0.05
112 418 0.05
112 456 0.05
112 484 0.05
112 487 0.05
113 182 0.05
113 394 0.05
113 339 0.05
113 346 0.05
113 390 0.05
114 182 0.05
114 444 0.05
114 123 0.05
114 241 0.05
114 339 0.05
114 417 0.05
115 146 0.05
115 157 0.05
115 161 0.05
115 222 0.05
115 297 0.05
115 234 0.05
115 249 0.05
115 301 0.05
115 442 0.05
115 465 0.05
115 486 0.05
116 420 0.05
116 438 0.05
116 228 0.05
116 303 0.05
116 395 0.05
116 427 0.05
116 461 0.05
117 279 0.05
117 395 0.05
117 286 0.05
117 303 0.05
118 172 0.05
118 178 0.05
118 281 0.05
118 294 0.05
118 365 0.05
118 137 0.05
118 219 0.05
118 354 0.05
118 443 0.05
118 484 0.05
119 141 0.05
119 165 0.05
119 201 0.05
119 202 0.05
119 219 0.05
119 236 0.05
119 246 0.05
119 263 0.05
119 322 0.05
119 415 0.05
119 130 0.05
119 221 0.05
119 245 0.05
119 254 0.05
119 286 0.05
119 287 0.05
119 432 0.05
120 147 0.05
120 176 0.05
120 246 0.05
120 259 0.05
120 304 0.05
120 319 0.05
120 353 0.05
120 377 0.05
120 386 0.05
120 391 0.05
120 397 0.05
120 457 0.05
120 138 0.05
120 160 0.05
120 178 0.05
120 439 0.05
120 456 0.05
121 247 0.05
121 354 0.05
121 497 0.05
121 229 0.05
121 312 0.05
121 318 0.05
121 363 0.05
121 365 0.05
121 384 0.05
121 387 0.05
122 191 0.05
122 203 0.05
122 272 0.05
122 280 0.05
122 304 0.05
122 324 0.05
122 327 0.05
122 359 0.05
122 378 0.05
122 404 0.05
122 419 0.05
122 425 0.05
122 452 0.05
122 129 0.05
122 172 0.05
122 216 0.05
122 284 0.05
122 300 0.05
123 182 0.05
123 188 0.05
123 252 0.05
123 444 0.05
123 142 0.05
123 170 0.05
123 227 0.05
123 284 0.05
124 129 0.05
124 209 0.05
124 335 0.05
124 431 0.05
124 442 0.05
124 195 0.05
124 206 0.05
124 226 0.05
124 406 0.05
124 413 0.05
125 138 0.05
125 140 0.05
125 154 0.05
125 181 0.05
125 226 0.05
125 256 0.05
125 317 0.05
125 324 0.05
125 331 0.05
125 397 0.05
125 481 0.05
125 131 0.05
125 209 0.05
125 270 0.05
125 281 0.05
125 340 0.05
125 359 0.05
125 403 0.05
125 439 0.05
125 480 0.05
125 486 0.05
126 154 0.05
126 230 0.05
126 294 0.05
126 333 0.05
126 410 0.05
126 450 0.05
126 137 0.05
126 236 0.05
126 393 0.05
126 440 0.05
126 466 0.05
127 230 0.05
127 247 0.05
127 258 0.05
127 340 0.05
127 381 0.05
127 422 0.05
127 281 0.05
127 371 0.05
127 443 0.05
127 452 0.05
127 453 0.05
127 456 0.05
127 476 0.05
128 155 0.05
128 168 0.05
128 259 0.05
128 287 0.05
128 372 0.05
128 418 0.05
128 430 0.05
128 431 0.05
128 157 0.05
128 171 0.05
128 202 0.05
128 345 0.05
128 410 0.05
128 423 0.05
128 437 0.05
128 443 0.05
128 445 0.05
129 157 0.05
129 218 0.05
129 238 0.05
129 244 0.05
129 295 0.05
129 304 0.05
129 317 0.05
129 393 0.05
129 402 0.05
129 411 0.05
129 130 0.05
129 161 0.05
129 166 0.05
129 195 0.05
129 252 0.05
129 325 0.05
129 331 0.05
129 381 0.05
129 424 0.05
129 442 0.05
129 462 0.05
129 477 0.05
130 176 0.05
130 199 0.05
130 254 0.05
130 480 0.05
130 483 0.05
130 213 0.05
130 297 0.05
130 310 0.05
130 314 0.05
130 367 0.05
130 382 0.05
130 430 0.05
131 155 0.05
131 222 0.05
131 285 0.05
131 311 0.05
131 336 0.05
131 409 0.05
131 471 0.05
131 295 0.05
131 365 0.05
131 406 0.05
131 439 0.05
132 255 0.05
132 299 0.05
132 379 0.05
132 390 0.05
132 417 0.05
132 308 0.05
133 192 0.05
133 488 0.05
133 490 0.05
133 139 0.05
133 216 0.05
133 286 0.05
133 303 0.05
133 307 0.05
133 482 0.05
134 154 0.05
134 180 0.05
134 263 0.05
134 267 0.05
134 295 0.05
134 324 0.05
134 331 0.05
134 412 0.05
134 429 0.05
134 405 0.05
135 137 0.05
135 189 0.05
135 225 0.05
135 266 0.05
135 314 0.05
135 337 0.05
135 357 0.05
135 465 0.05
135 496 0.05
135 155 0.05
135 256 0.05
135 308 0.05
135 349 0.05
135 382 0.05
135 400 0.05
135 431 0.05
135 484 0.05
136 170 0.05
136 205 0.05
136 306 0.05
136 438 0.05
136 469 0.05
137 145 0.05
137 213 0.05
137 215 0.05
137 229 0.05
137 328 0.05
137 406 0.05
137 449 0.05
137 168 0.05
137 278 0.05
137 301 0.05
137 348 0.05
137 413 0.05
137 462 0.05
137 491 0.05
138 146 0.05
138 178 0.05
138 267 0.05
138 363 0.05
138 369 0.05
138 386 0.05
138 298 0.05
138 329 0.05
138 397 0.05
138 462 0.05
138 467 0.05
139 200 0.05
139 233 0.05
139 279 0.05
139 305 0.05
139 354 0.05
139 431 0.05
139 152 0.05
139 232 0.05
139 303 0.05
140 372 0.05
140 375 0.05
140 477 0.05
140 202 0.05
140 247 0.05
140 409 0.05
141 168 0.05
141 195 0.05
141 237 0.05
141 280 0.05
141 293 0.05
141 317 0.05
141 325 0.05
141 341 0.05
141 431 0.05
141 153 0.05
141 160 0.05
141 176 0.05
141 196 0.05
141 234 0.05
141 375 0.05
141 381 0.05
141 387 0.05
141 410 0.05
141 486 0.05
142 143 0.05
142 208 0.05
142 243 0.05
142 182 0.05
142 193 0.05
142 200 0.05
142 267 0.05
143 227 0.05
143 152 0.05
143 374 0.05
144 173 0.05
144 207 0.05
144 296 0.05
144 308 0.05
144 339 0.05
144 354 0.05
144 369 0.05
144 414 0.05
144 493 0.05
144 320 0.05
144 335 0.05
144 384 0.05
144 483 0.05
144 491 0.05
145 163 0.05
145 264 0.05
145 267 0.05
145 393 0.05
145 150 0.05
145 161 0.05
145 299 0.05
145 404 0.05
145 407 0.05
145 484 0.05
146 295 0.05
146 325 0.05
146 375 0.05
146 424 0.05
146 365 0.05
146 457 0.05
147 166 0.05
147 218 0.05
147 297 0.05
147 302 0.05
147 359 0.05
147 378 0.05
147 411 0.05
147 435 0.05
147 448 0.05
147 457 0.05
147 148 0.05
147 175 0.05
147 230 0.05
147 278 0.05
147 288 0.05
147 299 0.05
147 334 0.05
147 387 0.05
147 415 0.05
147 424 0.05
147 494 0.05
147 496 0.05
147 497 0.05
148 171 0.05
148 191 0.05
148 195 0.05
148 221 0.05
148 230 0.05
148 261 0.05
148 316 0.05
148 336 0.05
148 400 0.05
148 418 0.05
148 423 0.05
148 482 0.05
148 497 0.05
148 159 0.05
148 176 0.05
148 196 0.05
148 325 0.05
148 347 0.05
148 355 0.05
148 383 0.05
148 440 0.05
149 249 0.05
149 365 0.05
149 437 0.05
149 470 0.05
149 299 0.05
149 375 0.05
149 411 0.05
149 452 0.05
149 457 0.05
149 477 0.05
150 172 0.05
150 175 0.05
150 196 0.05
150 225 0.05
150 283 0.05
150 287 0.05
150 435 0.05
150 439 0.05
150 479 0.05
150 486 0.05
150 163 0.05
150 207 0.05
150 262 0.05
150 359 0.05
150 375 0.05
150 414 0.05
150 423 0.05
150 437 0.05
150 451 0.05
151 361 0.05
151 451 0.05
151 233 0.05
151 482 0.05
152 187 0.05
152 432 0.05
152 444 0.05
152 326 0.05
153 317 0.05
153 345 0.05
153 377 0.05
153 417 0.05
153 497 0.05
153 175 0.05
153 288 0.05
153 407 0.05
154 263 0.05
154 316 0.05
154 365 0.05
154 467 0.05
154 470 0.05
154 174 0.05
154 249 0.05
154 278 0.05
154 301 0.05
154 489 0.05
155 167 0.05
155 173 0.05
155 196 0.05
155 470 0.05
155 491 0.05
155 221 0.05
155 234 0.05
155 252 0.05
155 274 0.05
155 286 0.05
155 424 0.05
156 292 0.05
156 494 0.05
156 233 0.05
156 379 0.05
156 415 0.05
156 427 0.05
157 160 0.05
157 202 0.05
157 224 0.05
157 162 0.05
157 397 0.05
157 435 0.05
157 442 0.05
157 456 0.05
158 159 0.05
158 246 0.05
158 367 0.05
158 392 0.05
158 447 0.05
158 467 0.05
158 477 0.05
158 173 0.05
158 202 0.05
158 212 0.05
158 215 0.05
158 222 0.05
158 309 0.05
158 457 0.05
159 180 0.05
159 191 0.05
159 224 0.05
159 266 0.05
159 331 0.05
159 381 0.05
159 391 0.05
159 405 0.05
159 441 0.05
159 166 0.05
159 168 0.05
159 221 0.05
159 223 0.05
159 238 0.05
159 263 0.05
159 277 0.05
159 354 0.05
159 491 0.05
160 208 0.05
160 298 0.05
160 299 0.05
160 363 0.05
160 425 0.05
160 263 0.05
160 264 0.05
160 359 0.05
160 405 0.05
160 448 0.05
161 178 0.05
161 300 0.05
161 304 0.05
161 318 0.05
161 325 0.05
161 377 0.05
161 470 0.05
161 236 0.05
161 266 0.05
161 285 0.05
161 299 0.05
161 333 0.05
161 358 0.05
161 365 0.05
161 451 0.05
161 489 0.05
161 496 0.05
162 169 0.05
162 256 0.05
162 367 0.05
162 404 0.05
162 445 0.05
162 299 0.05
162 371 0.05
162 483 0.05
163 231 0.05
163 293 0.05
163 302 0.05
163 314 0.05
163 392 0.05
163 447 0.05
163 464 0.05
163 172 0.05
163 244 0.05
163 282 0.05
163 304 0.05
163 310 0.05
163 334 0.05
163 369 0.05
163 381 0.05
163 457 0.05
163 493 0.05
164 236 0.05
164 273 0.05
164 375 0.05
164 431 0.05
164 452 0.05
164 173 0.05
164 423 0.05
164 432 0.05
165 171 0.05
165 244 0.05
165 249 0.05
165 282 0.05
165 321 0.05
165 336 0.05
165 340 0.05
165 367 0.05
165 477 0.05
165 494 0.05
165 497 0.05
165 174 0.05
165 181 0.05
165 308 0.05
165 337 0.05
165 404 0.05
165 492 0.05
166 224 0.05
166 238 0.05
166 372 0.05
166 404 0.05
166 206 0.05
166 234 0.05
166 253 0.05
166 402 0.05
166 405 0.05
166 437 0.05
166 453 0.05
166 495 0.05
167 205 0.05
167 206 0.05
167 288 0.05
167 304 0.05
167 388 0.05
167 171 0.05
167 185 0.05
167 204 0.05
167 225 0.05
167 234 0.05
167 312 0.05
167 327 0.05
167 335 0.05
167 341 0.05
167 398 0.05
167 404 0.05
167 424 0.05
167 479 0.05
168 202 0.05
168 242 0.05
168 355 0.05
168 356 0.05
168 458 0.05
168 230 0.05
168 232 0.05
168 238 0.05
168 335 0.05
168 359 0.05
168 363 0.05
169 195 0.05
169 219 0.05
169 254 0.05
169 264 0.05
169 316 0.05
169 354 0.05
169 414 0.05
169 466 0.05
169 478 0.05
169 270 0.05
169 462 0.05
170 434 0.05
170 193 0.05
170 344 0.05
171 185 0.05
171 264 0.05
171 401 0.05
171 408 0.05
171 436 0.05
171 453 0.05
171 479 0.05
171 178 0.05
171 263 0.05
171 355 0.05
171 412 0.05
172 230 0.05
172 238 0.05
172 274 0.05
172 287 0.05
172 386 0.05
172 464 0.05
172 215 0.05
172 338 0.05
173 274 0.05
173 341 0.05
173 176 0.05
173 201 0.05
173 377 0.05
173 450 0.05
173 462 0.05
174 214 0.05
174 329 0.05
174 336 0.05
174 425 0.05
174 232 0.05
174 340 0.05
175 358 0.05
175 413 0.05
175 225 0.05
175 439 0.05
175 475 0.05
176 209 0.05
176 218 0.05
176 232 0.05
176 274 0.05
176 465 0.05
176 479 0.05
176 497 0.05
176 238 0.05
176 302 0.05
176 332 0.05
177 239 0.05
177 268 0.05
177 429 0.05
178 236 0.05
178 256 0.05
178 348 0.05
178 369 0.05
178 392 0.05
178 180 0.05
178 199 0.05
178 201 0.05
178 273 0.05
178 413 0.05
179 318 0.05
179 392 0.05
179 398 0.05
179 418 0.05
179 229 0.05
179 247 0.05
179 264 0.05
179 272 0.05
179 276 0.05
179 302 0.05
179 331 0.05
180 252 0.05
180 456 0.05
181 238 0.05
181 272 0.05
181 382 0.05
181 234 0.05
181 311 0.05
181 325 0.05
181 328 0.05
181 341 0.05
181 429 0.05
181 441 0.05
182 306 0.05
182 460 0.05
182 342 0.05
182 366 0.05
183 239 0.05
183 433 0.05
183 462 0.05
183 220 0.05
183 444 0.05
184 471 0.05
184 197 0.05
184 346 0.05
185 299 0.05
185 414 0.05
185 212 0.05
185 240 0.05
185 331 0.05
185 359 0.05
185 375 0.05
185 381 0.05
185 465 0.05
185 479 0.05
186 298 0.05
186 394 0.05
186 426 0.05
186 490 0.05
186 187 0.05
186 442 0.05
187 250 0.05
187 309 0.05
187 350 0.05
187 434 0.05
187 469 0.05
187 200 0.05
187 374 0.05
187 394 0.05
187 468 0.05
188 291 0.05
188 326 0.05
188 438 0.05
188 207 0.05
189 213 0.05
189 259 0.05
189 314 0.05
189 475 0.05
189 196 0.05
189 242 0.05
189 299 0.05
189 354 0.05
189 384 0.05
190 268 0.05
190 228 0.05
190 257 0.05
190 373 0.05
190 468 0.05
190 469 0.05
191 198 0.05
191 252 0.05
191 258 0.05
191 294 0.05
191 404 0.05
191 276 0.05
191 281 0.05
191 391 0.05
191 393 0.05
191 397 0.05
191 409 0.05
191 430 0.05
191 492 0.05
192 229 0.05
192 260 0.05
192 373 0.05
192 438 0.05
192 265 0.05
192 380 0.05
193 241 0.05
194 255 0.05
194 271 0.05
194 351 0.05
194 416 0.05
194 420 0.05
194 469 0.05
195 204 0.05
195 252 0.05
195 303 0.05
195 319 0.05
195 332 0.05
195 362 0.05
195 363 0.05
195 355 0.05
195 372 0.05
195 418 0.05
195 463 0.05
195 465 0.05
196 300 0.05
196 369 0.05
196 371 0.05
196 407 0.05
196 486 0.05
196 213 0.05
196 218 0.05
196 264 0.05
196 269 0.05
196 312 0.05
196 336 0.05
196 450 0.05
196 465 0.05
197 344 0.05
197 490 0.05
197 417 0.05
197 422 0.05
197 460 0.05
197 482 0.05
198 274 0.05
198 282 0.05
198 302 0.05
198 327 0.05
198 360 0.05
198 484 0.05
198 495 0.05
198 281 0.05
198 314 0.05
198 428 0.05
199 331 0.05
199 341 0.05
199 368 0.05
199 431 0.05
199 448 0.05
199 484 0.05
199 249 0.05
199 422 0.05
200 220 0.05
200 485 0.05
201 237 0.05
201 258 0.05
201 264 0.05
201 283 0.05
201 288 0.05
201 341 0.05
201 430 0.05
201 483 0.05
201 497 0.05
201 294 0.05
201 340 0.05
201 425 0.05
201 449 0.05
202 278 0.05
202 297 0.05
202 440 0.05
202 463 0.05
202 454 0.05
203 373 0.05
203 376 0.05
203 460 0.05
203 472 0.05
203 499 0.05
203 211 0.05
203 268 0.05
203 315 0.05
203 350 0.05
204 214 0.05
204 221 0.05
204 231 0.05
204 295 0.05
204 412 0.05
204 459 0.05
204 219 0.05
204 334 0.05
204 404 0.05
205 433 0.05
205 239 0.05
205 361 0.05
205 373 0.05
206 219 0.05
206 256 0.05
206 330 0.05
206 372 0.05
206 406 0.05
206 449 0.05
206 252 0.05
206 261 0.05
206 321 0.05
207 212 0.05
207 309 0.05
207 310 0.05
207 329 0.05
207 363 0.05
207 375 0.05
207 386 0.05
207 405 0.05
207 445 0.05
207 477 0.05
207 282 0.05
207 293 0.05
207 299 0.05
207 359 0.05
207 370 0.05
208 232 0.05
208 266 0.05
208 317 0.05
208 475 0.05
208 496 0.05
208 215 0.05
208 254 0.05
208 278 0.05
208 282 0.05
208 408 0.05
208 495 0.05
209 249 0.05
209 270 0.05
209 289 0.05
209 388 0.05
209 422 0.05
209 487 0.05
209 432 0.05
210 220 0.05
210 274 0.05
210 379 0.05
210 251 0.05
210 344 0.05
210 490 0.05
211 284 0.05
211 427 0.05
211 461 0.05
212 259 0.05
212 277 0.05
212 398 0.05
212 457 0.05
212 215 0.05
212 295 0.05
212 387 0.05
212 397 0.05
212 415 0.05
212 430 0.05
212 470 0.05
213 301 0.05
213 332 0.05
213 388 0.05
213 398 0.05
213 456 0.05
213 308 0.05
213 418 0.05
213 449 0.05
213 454 0.05
214 229 0.05
214 256 0.05
214 300 0.05
214 335 0.05
214 410 0.05
214 259 0.05
214 322 0.05
214 356 0.05
214 408 0.05
214 418 0.05
215 252 0.05
215 258 0.05
215 311 0.05
215 317 0.05
215 372 0.05
215 393 0.05
215 413 0.05
215 498 0.05
215 223 0.05
215 314 0.05
215 337 0.05
215 378 0.05
215 388 0.05
215 431 0.05
215 496 0.05
216 341 0.05
216 360 0.05
216 368 0.05
216 386 0.05
216 399 0.05
216 403 0.05
216 411 0.05
216 470 0.05
216 483 0.05
216 230 0.05
216 295 0.05
216 297 0.05
216 401 0.05
216 441 0.05
217 336 0.05
217 427 0.05
217 474 0.05
218 244 0.05
218 285 0.05
218 318 0.05
218 340 0.05
219 276 0.05
219 277 0.05
219 401 0.05
219 335 0.05
219 340 0.05
219 343 0.05
219 356 0.05
219 431 0.05
219 451 0.05
219 487 0.05
220 260 0.05
220 421 0.05
220 296 0.05
220 303 0.05
220 473 0.05
220 493 0.05
221 229 0.05
221 262 0.05
221 340 0.05
221 406 0.05
221 423 0.05
221 437 0.05
221 458 0.05
221 223 0.05
221 227 0.05
221 244 0.05
221 464 0.05
221 484 0.05
222 254 0.05
222 264 0.05
222 365 0.05
222 393 0.05
222 403 0.05
222 223 0.05
222 252 0.05
222 259 0.05
222 314 0.05
222 471 0.05
223 237 0.05
223 238 0.05
223 258 0.05
223 266 0.05
223 295 0.05
223 297 0.05
223 311 0.05
223 322 0.05
223 323 0.05
223 327 0.05
223 436 0.05
224 230 0.05
224 283 0.05
224 462 0.05
224 479 0.05
224 493 0.05
224 258 0.05
224 308 0.05
224 318 0.05
224 322 0.05
224 327 0.05
224 369 0.05
224 423 0.05
224 449 0.05
225 229 0.05
225 246 0.05
225 247 0.05
225 281 0.05
225 310 0.05
225 408 0.05
225 240 0.05
225 329 0.05
225 381 0.05
225 441 0.05
226 258 0.05
226 261 0.05
226 363 0.05
226 391 0.05
226 245 0.05
226 400 0.05
227 228 0.05
227 291 0.05
227 260 0.05
227 472 0.05
228 421 0.05
228 394 0.05
228 416 0.05
228 446 0.05
229 259 0.05
229 269 0.05
229 316 0.05
229 348 0.05
229 435 0.05
229 465 0.05
229 467 0.05
229 491 0.05
229 264 0.05
229 329 0.05
229 356 0.05
229 368 0.05
229 414 0.05
229 418 0.05
229 479 0.05
230 294 0.05
230 320 0.05
230 245 0.05
230 304 0.05
230 317 0.05
230 321 0.05
230 362 0.05
230 398 0.05
230 432 0.05
230 475 0.05
231 256 0.05
231 323 0.05
231 378 0.05
231 402 0.05
231 249 0.05
231 278 0.05
231 343 0.05
231 357 0.05
231 375 0.05
232 252 0.05
232 288 0.05
232 374 0.05
232 477 0.05
232 272 0.05
232 308 0.05
232 310 0.05
232 324 0.05
232 387 0.05
232 401 0.05
232 405 0.05
233 339 0.05
233 390 0.05
233 427 0.05
233 494 0.05
234 410 0.05
234 426 0.05
234 457 0.05
234 470 0.05
234 477 0.05
234 272 0.05
234 319 0.05
234 368 0.05
234 436 0.05
234 451 0.05
235 248 0.05
235 455 0.05
236 276 0.05
236 283 0.05
236 317 0.05
236 406 0.05
236 449 0.05
236 475 0.05
236 483 0.05
236 262 0.05
236 301 0.05
236 336 0.05
236 362 0.05
236 407 0.05
236 419 0.05
236 473 0.05
237 261 0.05
237 325 0.05
237 363 0.05
237 368 0.05
237 377 0.05
237 432 0.05
237 252 0.05
237 263 0.05
237 299 0.05
237 360 0.05
237 440 0.05
237 448 0.05
238 264 0.05
238 358 0.05
238 249 0.05
238 332 0.05
238 365 0.05
238 368 0.05
238 383 0.05
238 457 0.05
239 255 0.05
239 268 0.05
239 307 0.05
239 339 0.05
239 248 0.05
239 472 0.05
240 359 0.05
240 380 0.05
240 431 0.05
240 479 0.05
240 480 0.05
240 293 0.05
240 367 0.05
240 384 0.05
240 436 0.05
240 445 0.05
241 260 0.05
241 265 0.05
241 434 0.05
241 255 0.05
242 246 0.05
242 370 0.05
242 439 0.05
242 450 0.05
242 304 0.05
242 369 0.05
242 377 0.05
242 455 0.05
242 497 0.05
243 364 0.05
244 282 0.05
244 299 0.05
244 419 0.05
244 425 0.05
244 258 0.05
244 266 0.05
244 348 0.05
244 393 0.05
244 465 0.05
244 497 0.05
245 384 0.05
245 454 0.05
245 269 0.05
245 432 0.05
245 437 0.05
246 318 0.05
246 405 0.05
246 408 0.05
246 415 0.05
246 278 0.05
246 327 0.05
246 328 0.05
247 382 0.05
247 431 0.05
247 310 0.05
247 317 0.05
247 320 0.05
247 325 0.05
247 357 0.05
247 466 0.05
247 493 0.05
248 352 0.05
248 444 0.05
248 306 0.05
248 373 0.05
249 252 0.05
249 302 0.05
249 327 0.05
249 365 0.05
249 411 0.05
249 460 0.05
249 287 0.05
249 294 0.05
249 295 0.05
249 367 0.05
250 257 0.05
250 429 0.05
251 315 0.05
251 361 0.05
251 427 0.05
251 429 0.05
251 344 0.05
251 366 0.05
251 417 0.05
251 499 0.05
252 345 0.05
252 368 0.05
252 269 0.05
252 341 0.05
252 348 0.05
252 359 0.05
252 417 0.05
252 430 0.05
253 287 0.05
253 318 0.05
253 441 0.05
253 454 0.05
253 263 0.05
253 442 0.05
253 457 0.05
253 478 0.05
254 325 0.05
254 411 0.05
254 259 0.05
254 267 0.05
254 297 0.05
254 332 0.05
254 360 0.05
254 398 0.05
254 448 0.05
255 265 0.05
255 350 0.05
255 361 0.05
255 385 0.05
255 469 0.05
255 395 0.05
256 304 0.05
256 312 0.05
256 317 0.05
256 329 0.05
256 337 0.05
256 442 0.05
256 259 0.05
256 262 0.05
256 322 0.05
256 325 0.05
256 349 0.05
256 398 0.05
256 409 0.05
256 435 0.05
256 441 0.05
257 316 0.05
257 427 0.05
257 364 0.05
258 324 0.05
258 403 0.05
258 451 0.05
258 387 0.05
258 404 0.05
258 412 0.05
259 272 0.05
259 288 0.05
259 293 0.05
259 401 0.05
259 419 0.05
259 458 0.05
259 477 0.05
259 497 0.05
260 284 0.05
260 300 0.05
260 342 0.05
260 344 0.05
260 395 0.05
261 435 0.05
261 457 0.05
261 278 0.05
261 378 0.05
262 280 0.05
262 327 0.05
262 382 0.05
262 440 0.05
262 481 0.05
262 371 0.05
262 400 0.05
262 456 0.05
262 459 0.05
262 467 0.05
262 478 0.05
263 289 0.05
263 388 0.05
263 425 0.05
263 463 0.05
263 370 0.05
263 397 0.05
263 440 0.05
263 465 0.05
264 316 0.05
264 314 0.05
264 318 0.05
264 388 0.05
264 410 0.05
265 291 0.05
265 349 0.05
265 488 0.05
265 292 0.05
265 303 0.05
265 364 0.05
265 380 0.05
265 432 0.05
266 270 0.05
266 301 0.05
266 333 0.05
266 431 0.05
266 441 0.05
266 447 0.05
266 458 0.05
266 480 0.05
266 484 0.05
266 300 0.05
266 321 0.05
266 378 0.05
266 400 0.05
266 422 0.05
267 283 0.05
267 285 0.05
267 295 0.05
267 334 0.05
267 436 0.05
267 497 0.05
267 278 0.05
267 282 0.05
267 320 0.05
267 377 0.05
267 388 0.05
267 442 0.05
267 456 0.05
268 380 0.05
269 280 0.05
269 336 0.05
269 353 0.05
269 383 0.05
269 442 0.05
269 449 0.05
269 467 0.05
269 486 0.05
269 496 0.05
269 301 0.05
269 360 0.05
269 381 0.05
269 391 0.05
269 408 0.05
269 419 0.05
269 430 0.05
269 484 0.05
270 325 0.05
270 368 0.05
270 436 0.05
270 466 0.05
270 365 0.05
270 372 0.05
270 435 0.05
270 464 0.05
271 400 0.05
271 476 0.05
272 311 0.05
272 387 0.05
272 323 0.05
272 410 0.05
272 456 0.05
272 457 0.05
273 299 0.05
273 311 0.05
273 358 0.05
273 382 0.05
273 329 0.05
273 393 0.05
273 443 0.05
273 448 0.05
274 373 0.05
274 403 0.05
274 279 0.05
274 323 0.05
274 465 0.05
274 481 0.05
274 483 0.05
274 487 0.05
275 284 0.05
275 313 0.05
275 319 0.05
275 426 0.05
275 434 0.05
275 471 0.05
275 482 0.05
275 385 0.05
275 417 0.05
276 282 0.05
276 391 0.05
276 401 0.05
276 432 0.05
276 283 0.05
276 407 0.05
276 463 0.05
277 296 0.05
277 340 0.05
277 355 0.05
277 388 0.05
277 398 0.05
277 493 0.05
277 316 0.05
277 327 0.05
277 357 0.05
277 371 0.05
277 375 0.05
277 377 0.05
277 419 0.05
277 470 0.05
278 287 0.05
278 290 0.05
278 336 0.05
278 359 0.05
278 465 0.05
278 486 0.05
278 365 0.05
278 369 0.05
278 425 0.05
278 484 0.05
279 351 0.05
279 374 0.05
279 468 0.05
279 376 0.05
279 379 0.05
279 411 0.05
280 288 0.05
280 318 0.05
280 348 0.05
280 487 0.05
280 497 0.05
280 299 0.05
280 311 0.05
280 398 0.05
280 410 0.05
280 413 0.05
280 452 0.05
281 309 0.05
281 371 0.05
281 379 0.05
281 381 0.05
281 403 0.05
281 486 0.05
281 354 0.05
281 418 0.05
281 440 0.05
281 470 0.05
282 381 0.05
282 413 0.05
282 314 0.05
282 319 0.05
282 415 0.05
282 423 0.05
282 448 0.05
282 450 0.05
282 458 0.05
282 467 0.05
283 301 0.05
283 384 0.05
283 479 0.05
283 329 0.05
283 360 0.05
283 452 0.05
284 291 0.05
284 326 0.05
284 380 0.05
285 332 0.05
285 401 0.05
285 450 0.05
285 289 0.05
285 452 0.05
285 491 0.05
286 426 0.05
286 290 0.05
286 366 0.05
286 427 0.05
287 381 0.05
287 415 0.05
287 480 0.05
287 341 0.05
287 405 0.05
287 408 0.05
288 340 0.05
288 363 0.05
288 430 0.05
288 317 0.05
288 358 0.05
288 396 0.05
288 400 0.05
288 406 0.05
289 336 0.05
289 360 0.05
289 387 0.05
289 402 0.05
289 403 0.05
289 456 0.05
289 371 0.05
289 495 0.05
290 313 0.05
290 369 0.05
291 379 0.05
292 341 0.05
292 431 0.05
292 429 0.05
293 353 0.05
293 424 0.05
293 451 0.05
294 331 0.05
294 432 0.05
294 451 0.05
294 382 0.05
294 413 0.05
294 457 0.05
295 304 0.05
295 337 0.05
295 353 0.05
295 360 0.05
295 363 0.05
295 374 0.05
295 471 0.05
295 378 0.05
295 386 0.05
295 388 0.05
295 457 0.05
296 349 0.05
296 485 0.05
296 421 0.05
296 462 0.05
296 468 0.05
297 314 0.05
297 323 0.05
297 377 0.05
297 451 0.05
297 392 0.05
297 415 0.05
297 452 0.05
298 310 0.05
298 399 0.05
298 351 0.05
299 334 0.05
299 439 0.05
299 475 0.05
299 479 0.05
300 372 0.05
300 400 0.05
300 454 0.05
300 478 0.05
300 496 0.05
300 330 0.05
300 363 0.05
301 310 0.05
301 411 0.05
301 363 0.05
301 489 0.05
302 320 0.05
302 338 0.05
302 371 0.05
302 459 0.05
302 431 0.05
303 307 0.05
303 420 0.05
303 374 0.05
303 476 0.05
303 494 0.05
304 320 0.05
304 330 0.05
304 405 0.05
304 413 0.05
304 483 0.05
304 314 0.05
304 333 0.05
304 400 0.05
305 307 0.05
305 455 0.05
305 476 0.05
305 485 0.05
305 373 0.05
306 426 0.05
306 444 0.05
306 350 0.05
306 361 0.05
307 394 0.05
307 469 0.05
307 427 0.05
308 489 0.05
308 340 0.05
308 363 0.05
308 370 0.05
308 372 0.05
308 454 0.05
309 439 0.05
309 463 0.05
309 466 0.05
309 348 0.05
309 369 0.05
310 334 0.05
310 336 0.05
310 432 0.05
310 445 0.05
310 464 0.05
310 317 0.05
310 380 0.05
310 393 0.05
310 412 0.05
310 415 0.05
310 425 0.05
310 436 0.05
311 332 0.05
311 363 0.05
311 371 0.05
311 435 0.05
311 447 0.05
311 341 0.05
311 431 0.05
312 321 0.05
312 357 0.05
312 406 0.05
312 462 0.05
312 329 0.05
312 333 0.05
312 355 0.05
312 375 0.05
313 322 0.05
314 341 0.05
314 383 0.05
314 418 0.05
314 441 0.05
314 452 0.05
314 453 0.05
314 471 0.05
314 356 0.05
315 351 0.05
315 455 0.05
315 473 0.05
316 435 0.05
316 383 0.05
316 398 0.05
316 402 0.05
316 415 0.05
316 436 0.05
317 329 0.05
317 372 0.05
317 407 0.05
317 431 0.05
317 355 0.05
317 392 0.05
317 454 0.05
318 333 0.05
319 397 0.05
319 402 0.05
319 415 0.05
319 453 0.05
319 457 0.05
319 328 0.05
319 345 0.05
320 336 0.05
320 388 0.05
320 431 0.05
320 321 0.05
320 331 0.05
320 365 0.05
320 403 0.05
321 419 0.05
321 450 0.05
321 363 0.05
321 414 0.05
321 466 0.05
322 341 0.05
322 439 0.05
322 323 0.05
322 336 0.05
322 473 0.05
323 418 0.05
323 441 0.05
323 478 0.05
323 355 0.05
323 414 0.05
323 489 0.05
324 466 0.05
324 430 0.05
324 436 0.05
324 452 0.05
324 457 0.05
324 467 0.05
325 328 0.05
325 370 0.05
325 430 0.05
325 491 0.05
325 363 0.05
325 462 0.05
326 444 0.05
326 361 0.05
326 426 0.05
326 469 0.05
327 411 0.05
327 332 0.05
327 340 0.05
327 397 0.05
327 415 0.05
327 450 0.05
327 478 0.05
328 337 0.05
328 340 0.05
328 357 0.05
328 368 0.05
328 398 0.05
328 425 0.05
328 452 0.05
329 347 0.05
329 431 0.05
329 397 0.05
329 402 0.05
329 451 0.05
329 464 0.05
330 337 0.05
330 393 0.05
330 401 0.05
330 402 0.05
330 404 0.05
330 452 0.05
330 456 0.05
330 453 0.05
331 406 0.05
331 442 0.05
331 489 0.05
331 356 0.05
331 415 0.05
331 486 0.05
332 448 0.05
332 454 0.05
332 449 0.05
332 452 0.05
333 372 0.05
333 492 0.05
333 383 0.05
334 422 0.05
334 453 0.05
334 477 0.05
334 425 0.05
334 456 0.05
334 484 0.05
335 358 0.05
335 407 0.05
335 436 0.05
335 458 0.05
335 475 0.05
335 365 0.05
335 372 0.05
335 410 0.05
335 456 0.05
336 353 0.05
336 425 0.05
336 447 0.05
336 486 0.05
337 363 0.05
337 436 0.05
337 475 0.05
337 360 0.05
337 400 0.05
338 436 0.05
338 344 0.05
338 430 0.05
338 462 0.05
339 396 0.05
339 446 0.05
339 461 0.05
339 469 0.05
339 427 0.05
339 476 0.05
340 355 0.05
340 365 0.05
340 371 0.05
340 424 0.05
341 355 0.05
341 410 0.05
341 459 0.05
342 499 0.05
342 494 0.05
343 397 0.05
343 449 0.05
343 451 0.05
343 457 0.05
343 475 0.05
343 484 0.05
343 354 0.05
343 465 0.05
344 429 0.05
344 482 0.05
344 350 0.05
344 418 0.05
345 397 0.05
346 400 0.05
346 416 0.05
346 467 0.05
347 356 0.05
347 491 0.05
347 447 0.05
347 465 0.05
347 497 0.05
348 414 0.05
348 493 0.05
349 446 0.05
350 351 0.05
350 488 0.05
351 361 0.05
351 417 0.05
351 420 0.05
351 476 0.05
351 488 0.05
352 469 0.05
352 485 0.05
352 482 0.05
353 402 0.05
353 372 0.05
354 355 0.05
354 391 0.05
354 470 0.05
355 408 0.05
355 422 0.05
355 441 0.05
355 453 0.05
355 456 0.05
355 475 0.05
355 392 0.05
357 398 0.05
357 452 0.05
357 370 0.05
357 388 0.05
357 397 0.05
357 450 0.05
357 496 0.05
358 456 0.05
358 369 0.05
358 480 0.05
359 456 0.05
359 465 0.05
359 471 0.05
359 491 0.05
360 463 0.05
360 478 0.05
360 368 0.05
360 409 0.05
360 442 0.05
360 459 0.05
360 489 0.05
360 497 0.05
361 495 0.05
362 368 0.05
362 397 0.05
362 435 0.05
362 370 0.05
362 437 0.05
362 445 0.05
362 489 0.05
363 384 0.05
363 470 0.05
363 499 0.05
364 399 0.05
364 394 0.05
364 438 0.05
365 411 0.05
365 435 0.05
366 389 0.05
366 485 0.05
366 373 0.05
367 398 0.05
367 448 0.05
367 371 0.05
367 424 0.05
367 441 0.05
367 466 0.05
368 393 0.05
368 411 0.05
368 481 0.05
369 383 0.05
369 405 0.05
369 400 0.05
369 441 0.05
369 453 0.05
370 477 0.05
370 437 0.05
370 442 0.05
370 458 0.05
370 496 0.05
371 431 0.05
371 435 0.05
371 492 0.05
371 372 0.05
371 397 0.05
371 496 0.05
372 382 0.05
372 479 0.05
372 491 0.05
372 495 0.05
373 482 0.05
373 428 0.05
375 378 0.05
375 402 0.05
375 480 0.05
376 447 0.05
376 434 0.05
376 473 0.05
377 445 0.05
377 449 0.05
377 481 0.05
377 452 0.05
377 480 0.05
378 384 0.05
378 401 0.05
378 406 0.05
378 484 0.05
378 493 0.05
379 460 0.05
379 490 0.05
379 433 0.05
380 416 0.05
381 402 0.05
381 422 0.05
381 447 0.05
381 489 0.05
382 464 0.05
382 422 0.05
382 480 0.05
382 492 0.05
383 463 0.05
383 465 0.05
383 492 0.05
383 398 0.05
384 413 0.05
384 475 0.05
384 387 0.05
385 396 0.05
387 398 0.05
387 463 0.05
387 484 0.05
387 492 0.05
387 430 0.05
388 406 0.05
388 403 0.05
388 410 0.05
388 464 0.05
389 459 0.05
390 399 0.05
391 404 0.05
391 414 0.05
391 431 0.05
391 486 0.05
392 439 0.05
392 440 0.05
393 443 0.05
393 433 0.05
394 446 0.05
394 469 0.05
395 473 0.05
397 419 0.05
397 430 0.05
397 462 0.05
397 470 0.05
398 463 0.05
398 491 0.05
398 401 0.05
398 402 0.05
398 475 0.05
399 460 0.05
399 472 0.05
400 443 0.05
400 459 0.05
400 492 0.05
400 454 0.05
400 484 0.05
401 459 0.05
401 470 0.05
401 483 0.05
401 497 0.05
401 443 0.05
402 406 0.05
402 435 0.05
402 442 0.05
402 465 0.05
403 440 0.05
403 443 0.05
403 465 0.05
403 491 0.05
404 492 0.05
404 454 0.05
404 496 0.05
405 409 0.05
405 439 0.05
405 491 0.05
406 452 0.05
406 455 0.05
406 458 0.05
407 440 0.05
407 497 0.05
407 411 0.05
407 447 0.05
408 480 0.05
408 483 0.05
409 467 0.05
409 486 0.05
409 481 0.05
409 496 0.05
410 412 0.05
410 424 0.05
410 457 0.05
410 462 0.05
410 467 0.05
412 487 0.05
413 448 0.05
413 449 0.05
413 483 0.05
414 425 0.05
414 454 0.05
414 462 0.05
415 471 0.05
415 425 0.05
416 473 0.05
417 426 0.05
417 434 0.05
417 446 0.05
418 457 0.05
418 459 0.05
418 486 0.05
418 465 0.05
418 467 0.05
419 481 0.05
419 432 0.05
421 468 0.05
421 434 0.05
422 450 0.05
422 454 0.05
422 432 0.05
422 491 0.05
423 487 0.05
424 425 0.05
424 465 0.05
424 467 0.05
424 489 0.05
424 497 0.05
425 443 0.05
425 454 0.05
425 467 0.05
425 435 0.05
425 487 0.05
426 455 0.05
426 498 0.05
427 433 0.05
427 455 0.05
428 482 0.05
431 439 0.05
432 456 0.05
434 473 0.05
434 444 0.05
435 441 0.05
436 466 0.05
436 477 0.05
437 462 0.05
437 467 0.05
439 453 0.05
439 496 0.05
439 452 0.05
441 467 0.05
441 483 0.05
441 442 0.05
442 443 0.05
442 472 0.05
442 484 0.05
442 495 0.05
443 458 0.05
445 454 0.05
446 460 0.05
446 467 0.05
446 472 0.05
446 488 0.05
448 452 0.05
448 492 0.05
449 453 0.05
450 463 0.05
450 454 0.05
451 478 0.05
451 481 0.05
451 480 0.05
452 470 0.05
452 471 0.05
452 491 0.05
453 458 0.05
453 466 0.05
453 493 0.05
453 464 0.05
454 477 0.05
455 482 0.05
456 462 0.05
456 479 0.05
457 465 0.05
459 475 0.05
459 467 0.05
462 479 0.05
462 484 0.05
463 464 0.05
464 466 0.05
469 485 0.05
473 482 0.05
474 494 0.05
476 490 0.05
476 498 0.05
479 481 0.05
480 487 0.05
480 495 0.05
483 492 0.05
487 489 0.05
490 494 0.05
494 499 0.05
495 497 0.05
